0 2 8 104
0 3 12 49
0 4 29 31
0 3 88 15
0 3 107 4
0 1 327 13
0 3 454 20
0 3 866 216
0 2 879 246
0 4 924 93
0 4 1041 81
0 3 1084 31
0 1 1437 11
0 3 1515 16
0 4 1595 15
0 3 1926 254
0 2 2080 110
0 4 2081 7
0 4 2124 62
0 3 2573 22
0 4 2664 38
0 3 2964 13
0 3 2997 255
0 4 3169 8
0 2 3199 67
0 4 3217 45
0 3 3285 11
0 3 3300 4
0 1 3409 14
0 3 3641 27
0 4 3745 26
0 3 4056 250
0 4 4257 6
0 2 4288 19
0 4 4298 19
0 3 4692 24
0 4 4824 7
0 3 5107 248
0 2 5352 24
0 4 5368 24
0 1 5438 35
0 1 5479 38
0 1 5527 38
0 1 5583 3
0 1 5601 31
0 1 5640 37
0 1 5682 180
0 3 5753 14
0 4 5886 23
0 3 6163 214
0 3 6387 27
0 2 6431 23
0 4 6455 9
0 1 6801 28
0 3 6813 16
0 4 6958 30
0 3 7230 204
0 3 7453 18
0 2 7514 12
0 3 7881 8
0 4 8038 15
0 3 8293 195
0 3 8510 18
0 2 8579 9
0 1 8765 8
0 3 8938 9
0 4 9102 29
0 3 9352 197
0 3 9558 24
0 3 9989 14
0 4 10187 8
0 3 10415 225
0 1 10710 39
0 3 11039 17
0 1 11040 15
0 4 11262 24
0 3 11479 216
0 3 12094 17
0 1 12152 14
0 2 12309 28
0 4 12341 12
0 3 12532 220
0 1 13013 11
0 3 13151 12
0 2 13389 12
0 4 13407 18
0 3 13599 207
0 1 14034 22
0 1 14068 29
0 1 14111 30
0 1 14152 38
0 3 14211 12
0 2 14460 13
0 4 14488 10
0 3 14663 179
0 3 14861 3
0 3 15266 13
0 2 15524 26
0 4 15566 10
0 3 15716 203
0 1 16069 17
0 3 16320 13
0 2 16598 10
0 4 16632 25
0 3 16766 209
0 3 17377 12
0 2 17681 12
0 4 17700 25
0 3 17830 187
0 3 18021 13
0 1 18089 206
0 1 18304 34
0 1 18349 32
0 1 18388 33
0 1 18433 93
0 3 18436 13
0 2 18744 23
0 4 18773 19
0 3 18885 187
0 3 19074 13
0 1 19459 17
0 3 19491 13
0 2 19815 25
0 4 19836 54
0 3 19948 179
0 3 20147 2
0 3 20549 15
0 4 20870 113
0 2 20891 19
0 3 21004 176
0 1 21408 10
0 3 21604 16
0 2 21918 1
0 2 21924 2
0 4 21940 27
0 2 21946 64
0 4 21977 100
0 3 22069 164
0 3 22661 19
0 2 22988 113
0 4 22995 172
0 3 23129 174
0 1 23380 43
0 1 23710 10
0 3 23731 15
0 2 24062 25
0 4 24066 193
0 2 24102 86
0 3 24192 216
0 3 24816 13
0 1 24820 14
0 2 25154 25
0 4 25158 190
0 2 25194 87
0 3 25268 227
0 3 25898 15
0 2 26241 115
0 4 26250 183
0 3 26329 198
0 3 26547 20
0 1 26814 8
0 3 26974 8
0 2 27322 24
0 4 27327 91
0 2 27358 84
0 3 27393 257
0 4 27420 100
0 3 28037 25
0 2 28409 24
0 4 28413 195
0 2 28445 86
0 3 28453 281
0 3 28748 34
0 1 28815 42
0 3 29117 34
0 1 29130 21
0 2 29499 25
0 4 29504 199
0 2 29536 85
0 3 29539 344
0 3 30211 32
0 1 30252 17
0 3 30568 15
0 3 30591 329
0 2 30594 28
0 4 30602 191
0 2 30626 84
0 3 30938 31
0 3 31300 31
0 2 31677 28
0 4 31684 336
0 2 31711 87
0 3 31719 289
0 3 32023 35
0 1 32242 12
0 3 32387 31
0 2 32766 25
0 4 32766 303
0 3 32774 3
0 3 32802 255
0 2 32805 84
0 3 33091 8
0 3 33105 2
0 3 33444 29
0 2 33824 157
0 4 33824 302
0 3 33862 253
0 1 34198 41
0 3 34506 25
0 1 34533 14
0 2 34880 180
0 4 34880 308
0 3 34922 267
0 2 35071 10
0 3 35609 23
0 1 35633 21
0 4 35936 315
0 2 35937 225
0 3 36076 176
0 3 36267 3
0 1 36500 7
0 3 36673 12
0 2 37007 196
0 4 37008 309
0 3 37128 190
0 2 37214 24
0 1 37600 32
0 3 37738 18
0 4 38069 305
0 2 38071 209
0 3 38205 170
0 2 38293 23
0 3 38795 25
0 2 38842 20
0 2 38899 74
0 2 38983 41
0 2 39047 20
0 2 39082 323
0 4 39132 312
0 3 39269 176
0 2 39432 17
0 2 39452 5
0 3 39462 1
0 2 39490 9
0 1 39563 32
0 3 39864 13
0 2 39927 36
0 2 39974 144
0 2 40145 18
0 2 40177 339
0 3 40317 358
0 2 41315 302
1 0 328 12
1 3 372 16
1 4 388 14
1 4 426 22
1 2 506 14
1 4 552 13
1 4 583 19
1 4 643 191
1 0 1436 11
1 3 1483 12
1 3 1800 36
1 2 2572 18
1 2 2826 18
1 4 2860 26
1 0 3410 13
1 3 3778 7
1 2 4006 24
1 4 4853 28
1 0 5439 35
1 0 5480 37
1 0 5527 38
1 0 5583 4
1 0 5600 31
1 0 5640 37
1 0 5681 180
1 3 5751 10
1 2 5977 15
1 2 6005 16
1 2 6035 36
1 4 6065 10
1 4 6315 35
1 3 6697 12
1 3 6731 68
1 0 6800 28
1 3 6815 39
1 3 6861 34
1 3 6902 35
1 3 6965 25
1 3 7015 42
1 3 7062 90
1 2 8026 17
1 2 8276 18
1 4 8311 24
1 0 8764 8
1 3 9148 31
1 2 9456 28
1 4 10298 37
1 0 10710 40
1 3 11037 35
1 0 11040 15
1 3 11074 86
1 3 11163 42
1 2 11457 14
1 2 11487 33
1 4 11522 9
1 4 11774 28
1 0 12152 14
1 3 12243 11
1 0 13013 11
1 3 13087 23
1 2 13463 21
1 2 13716 16
1 4 13740 10
1 4 13767 15
1 4 13795 37
1 0 14035 21
1 0 14068 30
1 0 14112 29
1 0 14152 38
1 3 14535 11
1 2 14898 26
1 4 15759 10
1 0 16068 18
1 3 16491 8
1 2 16885 17
1 4 17211 9
1 0 18089 206
1 0 18303 34
1 0 18349 31
1 0 18388 32
1 0 18432 94
1 3 18442 13
1 2 18887 32
1 2 19142 13
1 4 19197 13
1 4 19226 19
1 4 19277 10
1 0 19458 17
1 3 19546 31
1 3 19826 44
1 2 20331 14
1 0 21408 10
1 3 21841 7
1 2 22323 12
1 4 22632 30
1 0 23380 42
1 0 23711 9
1 3 23800 25
1 2 24330 15
1 2 24566 24
1 4 24633 21
1 3 24753 12
1 3 24789 67
1 0 24820 14
1 3 24868 36
1 3 24908 37
1 3 24951 36
1 3 25014 30
1 3 25057 132
1 2 25749 33
1 4 25822 11
1 0 26814 7
1 3 27209 8
1 2 27750 11
1 4 28062 29
1 0 28816 42
1 3 29098 15
1 0 29129 22
1 3 29132 38
1 3 29174 36
1 3 29220 31
1 2 29758 11
1 2 29991 15
1 4 30069 10
1 0 30252 16
1 3 30290 31
1 2 31173 32
1 4 31257 10
1 0 32242 11
1 3 32620 8
1 2 33178 9
1 0 34198 42
1 0 34533 13
1 3 34584 10
1 2 35198 52
1 2 35275 38
1 2 35327 156
1 2 35506 16
1 2 35554 28
1 2 35597 13
1 0 35632 22
1 3 35749 11
1 0 36500 7
1 2 36616 20
1 0 37600 31
1 3 38035 12
1 2 38601 15
1 0 39563 31
1 3 39992 12
1 2 40661 38
1 2 40714 168
1 2 40889 37
1 2 40940 29
1 2 40987 36
1 2 41038 18
1 3 41138 13
1 2 42065 12
2 0 8 104
2 3 12 117
2 4 29 50
2 4 92 37
2 3 150 28
2 4 161 10
2 3 193 24
2 4 496 11
2 1 506 14
2 3 801 11
2 3 830 16
2 3 854 24
2 0 879 246
2 3 888 282
2 4 932 367
2 4 1312 36
2 4 1379 11
2 4 1424 11
2 4 1708 14
2 0 2080 110
2 4 2093 298
2 3 2102 22
2 3 2139 92
2 4 2406 35
2 4 2472 9
2 1 2572 17
2 4 2801 16
2 1 2826 18
2 0 3180 1
2 3 3180 114
2 4 3182 295
2 0 3198 67
2 4 3496 34
2 4 3560 12
2 4 3607 7
2 4 3888 15
2 1 4007 23
2 3 4266 5
2 4 4275 20
2 3 4279 71
2 0 4288 19
2 4 4308 258
2 4 4597 14
2 4 4615 5
2 4 4655 6
2 4 4982 13
2 0 5352 23
2 3 5374 23
2 4 5400 253
2 4 5687 6
2 4 5700 2
2 1 5977 14
2 1 6006 16
2 1 6035 36
2 4 6069 13
2 0 6431 22
2 3 6451 21
2 4 6461 7
2 4 6489 258
2 4 6768 30
2 4 6831 8
2 4 7161 15
2 0 7514 12
2 3 7532 28
2 4 7538 1
2 4 7544 301
2 4 7857 34
2 4 7923 13
2 4 7971 8
2 1 8026 17
2 4 8252 16
2 1 8277 18
2 0 8579 8
2 3 8617 19
2 4 8629 2
2 4 8635 297
2 4 8946 38
2 4 9015 12
2 4 9061 10
2 4 9342 16
2 1 9456 28
2 3 9692 11
2 4 9723 291
2 4 10049 6
2 4 10062 2
2 4 10439 12
2 3 10764 9
2 4 10860 209
2 4 11084 23
2 1 11456 14
2 1 11487 33
2 4 11530 10
2 3 11835 24
2 4 11951 251
2 0 12309 29
2 4 12623 10
2 3 12916 13
2 4 13041 214
2 4 13259 29
2 0 13388 13
2 1 13463 21
2 4 13707 10
2 1 13716 17
2 3 13990 12
2 4 14136 199
2 4 14356 18
2 0 14460 12
2 4 14800 13
2 1 14898 26
2 3 15063 17
2 4 15226 201
2 4 15447 18
2 0 15524 26
2 4 15889 12
2 3 16121 24
2 4 16316 195
2 4 16531 19
2 0 16597 11
2 1 16886 16
2 4 16972 16
2 3 17198 9
2 4 17402 199
2 4 17622 18
2 0 17681 12
2 4 18066 12
2 3 18273 12
2 4 18492 198
2 4 18712 17
2 0 18745 22
2 1 18887 32
2 1 19142 13
2 4 19154 12
2 3 19334 30
2 4 19581 201
2 4 19803 18
2 0 19816 24
2 3 19887 12
2 4 20247 14
2 1 20331 13
2 3 20420 12
2 4 20674 198
2 0 20891 19
2 4 20895 18
2 3 20957 8
2 4 21335 17
2 3 21486 29
2 4 21767 198
2 0 21918 1
2 0 21924 2
2 0 21945 65
2 4 21986 19
2 3 22041 10
2 1 22322 12
2 4 22430 13
2 3 22572 17
2 4 22860 198
2 0 22988 114
2 4 23078 18
2 3 23105 26
2 4 23521 15
2 3 23652 7
2 4 23951 197
2 0 24063 25
2 0 24103 86
2 4 24165 21
2 3 24178 25
2 1 24330 14
2 1 24565 24
2 4 24609 17
2 3 24729 8
2 4 25041 196
2 0 25154 25
2 0 25194 86
2 4 25258 19
2 3 25264 22
2 4 25692 18
2 1 25749 32
2 3 25805 11
2 4 26127 195
2 0 26242 114
2 4 26331 24
2 3 26333 19
2 4 26774 24
2 3 26867 23
2 4 27214 196
2 0 27322 24
2 0 27358 83
2 3 27399 39
2 4 27417 1
2 4 27420 22
2 1 27750 10
2 4 27860 22
2 4 28299 197
2 0 28409 24
2 3 28427 100
2 0 28446 85
2 4 28507 23
2 4 28951 25
2 4 29392 196
2 0 29500 24
2 3 29513 103
2 0 29536 85
2 4 29595 26
2 1 29758 10
2 1 29991 15
2 4 30044 24
2 4 30484 228
2 0 30595 28
2 3 30600 106
2 0 30626 84
2 4 31130 24
2 1 31173 32
2 4 31573 227
2 0 31677 28
2 3 31689 104
2 0 31710 88
2 4 32584 193
2 0 32765 25
2 3 32777 109
2 4 32779 110
2 0 32805 84
2 1 33178 9
2 4 33676 304
2 0 33824 156
2 3 33853 25
2 3 33892 86
2 4 34763 300
2 0 34880 181
2 3 34915 142
2 0 35071 10
2 1 35199 51
2 1 35275 39
2 1 35327 156
2 1 35507 16
2 1 35554 28
2 3 35582 6
2 1 35597 14
2 4 35854 299
2 0 35936 226
2 3 36055 10
2 3 36066 87
2 1 36616 20
2 4 36937 302
2 0 37007 196
2 3 37123 24
2 3 37156 83
2 0 37214 24
2 4 38023 302
2 0 38071 208
2 3 38202 23
2 3 38240 86
2 0 38293 23
2 1 38601 14
2 0 38843 20
2 0 38898 75
2 0 38983 41
2 0 39047 20
2 0 39082 323
2 4 39116 302
2 3 39265 155
2 0 39432 17
2 0 39453 5
2 0 39490 8
2 0 39927 35
2 0 39973 145
2 0 40145 18
2 0 40177 339
2 4 40213 304
2 3 40313 205
2 1 40661 37
2 1 40714 168
2 1 40889 37
2 1 40940 29
2 1 40987 36
2 1 41038 18
2 4 41315 302
2 0 41316 301
2 3 41432 185
2 3 41627 8
2 1 42066 12
3 0 12 49
3 2 12 117
3 4 29 112
3 0 89 15
3 0 107 4
3 2 150 28
3 4 160 73
3 2 193 23
3 4 250 79
3 4 346 31
3 1 373 16
3 0 455 20
3 2 801 11
3 2 831 16
3 2 854 23
3 0 866 216
3 2 888 281
3 4 929 237
3 0 1085 31
3 1 1484 12
3 0 1515 16
3 1 1801 36
3 0 1926 253
3 2 2102 22
3 4 2113 28
3 2 2138 92
3 4 2144 81
3 0 2572 23
3 0 2964 13
3 0 2997 255
3 2 3180 114
3 4 3187 103
3 0 3285 10
3 0 3299 5
3 0 3642 26
3 1 3778 7
3 0 4056 249
3 4 4260 8
3 2 4267 5
3 2 4279 71
3 4 4311 35
3 0 4692 24
3 0 5107 249
3 4 5349 6
3 2 5374 23
3 4 5389 19
3 1 5751 11
3 0 5754 13
3 0 6163 215
3 0 6387 27
3 2 6451 21
3 4 6461 26
3 1 6697 13
3 1 6732 68
3 0 6814 16
3 1 6815 38
3 1 6861 34
3 1 6902 35
3 1 6965 25
3 1 7015 42
3 1 7062 90
3 0 7230 204
3 0 7453 18
3 2 7532 28
3 4 7545 22
3 0 7880 9
3 0 8293 195
3 0 8510 18
3 2 8617 19
3 4 8632 8
3 0 8939 9
3 1 9149 30
3 0 9353 196
3 0 9559 23
3 2 9693 10
3 0 9989 14
3 0 10415 226
3 2 10763 9
3 1 11037 35
3 0 11039 17
3 1 11075 85
3 1 11163 41
3 0 11480 215
3 2 11834 24
3 0 12094 17
3 1 12243 11
3 0 12532 220
3 2 12916 13
3 1 13087 22
3 0 13151 13
3 0 13599 207
3 2 13989 13
3 0 14211 12
3 1 14535 10
3 0 14663 179
3 0 14860 4
3 2 15063 18
3 0 15266 13
3 0 15717 202
3 2 16121 24
3 0 16320 12
3 1 16490 9
3 0 16767 208
3 2 17197 10
3 0 17377 13
3 4 17768 13
3 0 17830 186
3 0 18021 13
3 2 18273 13
3 0 18436 12
3 1 18443 12
3 4 18838 8
3 0 18886 187
3 0 19074 13
3 2 19335 30
3 0 19491 13
3 1 19546 31
3 1 19826 43
3 2 19887 12
3 4 19922 10
3 0 19948 180
3 0 20147 2
3 2 20420 13
3 0 20550 14
3 2 20957 9
3 4 20983 26
3 0 21005 175
3 2 21485 30
3 0 21604 16
3 1 21841 7
3 2 22041 10
3 4 22060 24
3 0 22069 163
3 2 22571 18
3 0 22661 19
3 2 23106 25
3 0 23129 174
3 4 23139 19
3 2 23651 8
3 0 23730 16
3 1 23800 24
3 2 24178 25
3 0 24192 217
3 4 24201 54
3 2 24728 9
3 1 24753 12
3 1 24789 67
3 0 24817 12
3 1 24867 38
3 1 24908 37
3 1 24951 35
3 1 25015 30
3 1 25057 132
3 4 25250 94
3 2 25264 21
3 0 25268 226
3 2 25806 10
3 0 25898 15
3 4 26319 109
3 0 26329 198
3 2 26334 18
3 0 26547 20
3 2 26867 22
3 0 26974 9
3 1 27209 8
3 4 27390 23
3 0 27392 257
3 2 27399 39
3 4 27426 90
3 0 28038 24
3 2 28427 100
3 4 28449 154
3 0 28453 280
3 0 28748 35
3 1 29097 15
3 0 29117 34
3 1 29131 38
3 1 29173 36
3 1 29219 31
3 2 29513 103
3 4 29534 164
3 0 29540 344
3 0 30211 31
3 1 30289 31
3 0 30568 15
3 0 30592 329
3 2 30601 105
3 4 30619 170
3 0 30938 31
3 0 31300 31
3 2 31690 103
3 4 31713 328
3 0 31719 289
3 0 32023 35
3 0 32387 30
3 1 32620 8
3 0 32774 4
3 2 32777 109
3 4 32791 308
3 0 32801 255
3 0 33091 8
3 0 33105 2
3 0 33444 29
3 2 33853 24
3 4 33853 309
3 0 33862 253
3 2 33892 84
3 0 34506 25
3 1 34584 11
3 2 34915 142
3 4 34915 412
3 0 34922 267
3 2 35582 6
3 0 35609 23
3 1 35750 11
3 2 36055 98
3 4 36073 301
3 0 36076 176
3 0 36267 3
3 0 36673 12
3 2 37123 24
3 4 37124 327
3 0 37127 191
3 2 37156 84
3 0 37739 17
3 1 38035 11
3 2 38202 24
3 4 38202 312
3 0 38205 170
3 2 38240 87
3 0 38795 26
3 2 39265 153
3 4 39265 304
3 0 39269 176
3 0 39463 1
3 0 39864 12
3 1 39991 12
3 2 40314 204
3 4 40314 362
3 0 40317 359
3 1 41138 13
3 2 41432 186
3 4 41432 199
3 2 41628 8
4 0 29 31
4 2 29 50
4 3 29 111
4 2 92 38
4 2 160 11
4 3 160 73
4 3 250 80
4 3 347 30
4 1 389 13
4 1 427 21
4 2 496 10
4 1 553 13
4 1 584 18
4 1 642 191
4 0 925 92
4 3 929 237
4 2 931 366
4 0 1041 80
4 2 1313 35
4 2 1378 12
4 2 1425 10
4 0 1595 15
4 2 1708 14
4 0 2080 7
4 2 2093 298
4 3 2112 28
4 0 2124 62
4 3 2145 81
4 2 2405 36
4 2 2472 9
4 0 2664 38
4 2 2800 17
4 1 2860 26
4 0 3169 8
4 2 3182 296
4 3 3188 103
4 0 3217 43
4 2 3496 34
4 2 3560 12
4 2 3607 7
4 0 3744 26
4 2 3888 15
4 0 4258 6
4 3 4261 8
4 2 4275 20
4 0 4299 19
4 2 4308 259
4 3 4311 35
4 2 4597 15
4 2 4615 5
4 2 4655 6
4 0 4824 7
4 1 4852 28
4 2 4982 13
4 3 5350 5
4 0 5368 24
4 3 5389 20
4 2 5400 252
4 2 5687 6
4 2 5701 1
4 0 5886 23
4 1 6065 10
4 2 6069 13
4 1 6315 34
4 0 6455 10
4 2 6461 7
4 3 6461 26
4 2 6489 258
4 2 6768 30
4 2 6831 8
4 0 6958 30
4 2 7160 16
4 2 7538 1
4 2 7544 301
4 3 7545 22
4 2 7857 34
4 2 7923 12
4 2 7971 8
4 0 8038 15
4 2 8252 16
4 1 8311 23
4 2 8630 1
4 3 8632 9
4 2 8635 298
4 2 8945 38
4 2 9015 12
4 2 9061 10
4 0 9102 29
4 2 9342 16
4 2 9723 290
4 2 10049 6
4 2 10063 1
4 0 10186 8
4 1 10297 38
4 2 10438 13
4 2 10861 209
4 2 11083 24
4 0 11262 25
4 1 11522 9
4 2 11530 10
4 1 11774 28
4 2 11951 251
4 0 12340 13
4 2 12623 10
4 2 13040 214
4 2 13259 29
4 0 13408 18
4 2 13707 10
4 1 13740 10
4 1 13767 15
4 1 13796 37
4 2 14137 199
4 2 14356 18
4 0 14488 10
4 2 14800 12
4 2 15226 203
4 2 15448 18
4 0 15565 11
4 1 15758 11
4 2 15889 12
4 2 16316 195
4 2 16530 20
4 0 16632 21
4 0 16655 3
4 2 16972 16
4 1 17212 9
4 2 17402 199
4 2 17623 18
4 0 17700 26
4 3 17768 12
4 2 18066 13
4 2 18491 199
4 2 18712 18
4 0 18773 19
4 3 18838 8
4 2 19154 11
4 1 19197 12
4 1 19226 20
4 1 19278 9
4 2 19581 201
4 2 19802 19
4 0 19837 53
4 3 19922 10
4 2 20247 14
4 2 20675 198
4 0 20870 113
4 2 20895 18
4 3 20983 26
4 2 21335 18
4 2 21768 199
4 0 21940 27
4 0 21977 99
4 2 21986 19
4 3 22060 25
4 2 22430 13
4 1 22632 31
4 2 22861 197
4 0 22996 171
4 2 23078 18
4 3 23138 19
4 2 23521 15
4 2 23952 197
4 0 24066 193
4 2 24165 21
4 3 24201 55
4 2 24610 16
4 1 24633 21
4 2 25040 197
4 0 25158 191
4 3 25250 94
4 2 25258 19
4 2 25692 18
4 1 25822 11
4 2 26127 195
4 0 26250 183
4 3 26320 109
4 2 26331 24
4 2 26774 24
4 2 27215 196
4 0 27326 194
4 3 27390 23
4 2 27418 24
4 3 27426 91
4 2 27859 23
4 1 28063 28
4 2 28299 197
4 0 28413 195
4 3 28450 155
4 2 28507 23
4 2 28951 25
4 2 29392 195
4 0 29504 198
4 3 29534 164
4 2 29594 26
4 2 30043 24
4 1 30069 10
4 2 30484 228
4 0 30601 192
4 3 30620 169
4 2 31131 23
4 1 31257 11
4 2 31573 227
4 0 31684 335
4 3 31713 328
4 2 32584 306
4 0 32767 303
4 3 32791 308
4 2 33676 305
4 0 33824 302
4 3 33853 309
4 2 34763 300
4 0 34880 309
4 3 34915 412
4 2 35854 299
4 0 35936 315
4 3 36073 301
4 2 36937 302
4 0 37007 310
4 3 37124 327
4 2 38023 302
4 0 38069 305
4 3 38202 312
4 2 39116 302
4 0 39132 312
4 3 39265 304
4 2 40214 303
4 3 40313 363
4 2 41315 303